name,code,period,low,medium,high,extreme
Abaya,GLWD00000166,2017,99.27839091506878,0.6911238728974016,0.0299596049297906,0.0005256071040314
Abaya,GLWD00000166,2018,99.56426003996242,0.4046889447777353,0.0289458616829068,0.0021051535769386
Abaya,GLWD00000166,2019,99.44988066169267,0.5134766028025185,0.0335019296043988,0.0031408059004123
Abaya,GLWD00000166,2020,98.92090116732416,0.9807387552649732,0.0900196267509288,0.0083404506599825
Abaya,GLWD00000166,2021,98.44290303373062,1.4238102910550574,0.1254295627531127,0.007857112461226
Abayata,GLWD00001146,2017,88.77563044770555,8.586775501115868,1.949061257180236,0.6885327939983381
Abayata,GLWD00001146,2018,78.29926076381855,15.966383375466911,5.101931867191383,0.6324239935231712
Abayata,GLWD00001146,2019,94.91870478132368,3.263534018977326,1.400151602811643,0.4176095968873532
Abayata,GLWD00001146,2020,91.21406343587486,6.455078143790511,1.8917540069703649,0.4391044133642552
Abayata,GLWD00001146,2021,56.90488971328987,33.85813570420183,7.182049288058815,2.054925294449488
Aberdeen,GLWD00000152,2017,94.3128718928945,4.600973021651508,0.89123181634695,0.1949232691070314
Aberdeen,GLWD00000152,2018,86.57296591644024,11.831479223661782,1.3428684933498438,0.2526863665481168
Aberdeen,GLWD00000152,2019,95.99109510442248,3.3491536561767834,0.563147091619983,0.096604147780736
Aberdeen,GLWD00000152,2020,98.13414560321328,1.237710343705145,0.5392314641665196,0.0889125889150699
Aberdeen,GLWD00000152,2021,97.93112681750736,1.4812327615951084,0.4979689639917104,0.0896714569058398
Abert,GLWD00001154,2017,94.79337560720866,2.997829122554294,1.4750740129193065,0.7337212573177239
Abert,GLWD00001154,2018,91.25604410480516,6.696777557876595,1.3913715160597775,0.6558068212584702
Abert,GLWD00001154,2019,94.21024092017802,3.7256853345036913,1.318957102208935,0.7451166431093361
Abert,GLWD00001154,2020,93.11835984535068,5.150548603200781,1.1802528898758031,0.5508386615727107
Abert,GLWD00001154,2021,95.50326350028288,2.497192045378521,1.2955607315592856,0.7039837227793447
Abhe Bid,GLWD00000527,2017,100.0,0.0,0.0,0.0
Abhe Bid,GLWD00000527,2018,100.0,0.0,0.0,0.0
Abhe Bid,GLWD00000527,2019,100.0,0.0,0.0,0.0
Abhe Bid,GLWD00000527,2020,99.99586894305584,0.00235163207802,0.0017794248661575,0.0
Abhe Bid,GLWD00000527,2021,82.6234307470709,15.785484954488338,1.5884454759587567,0.0026388224820135
Abiskojaure,GLWD00052257,2017,30.76923076923077,23.07692307692308,23.07692307692308,23.07692307692308
Abiskojaure,GLWD00052257,2018,46.66666666666667,13.333333333333334,39.99999999999999,0.0
Abiskojaure,GLWD00052257,2019,30.76923076923077,23.07692307692308,46.15384615384615,0.0
Abiskojaure,GLWD00052257,2020,77.01664532650449,10.941101152368756,10.409731113956466,1.6325224071702944
Abiskojaure,GLWD00052257,2021,75.50824395709941,16.327837361933728,8.163918680966864,0.0
Abitibi,GLWD00000200,2017,99.93530733549224,0.0605289848940079,0.0033607164812964,0.0008029631324439
Abitibi,GLWD00000200,2018,99.95221899869468,0.0453737790722235,0.0024072222331045,0.0
Abitibi,GLWD00000200,2019,99.9718464302789,0.0273578670519417,0.0007957026691577,0.0
Abitibi,GLWD00000200,2020,99.6480568855961,0.2467159776709905,0.0954215246273983,0.0098056121054877
Abitibi,GLWD00000200,2021,99.73184859416747,0.1952940435316723,0.0658524150938329,0.007004947207019
Abraham,HYLA00007243,2017,74.01487170164367,14.38307268688284,6.839031787486309,4.763023823987159
Abraham,HYLA00007243,2018,73.60900407360585,9.12628178114904,7.713513133867117,9.551201011378003
Abraham,HYLA00007243,2019,73.0266768204373,18.418771414818394,3.518323658812241,5.036228105932056
Abraham,HYLA00007243,2020,51.26236471608821,41.136787600961725,6.081333938753266,1.5195137441967717
Abraham,HYLA00007243,2021,54.98943711626493,36.85497255548565,6.24091510641529,1.9146752218341176
Aby,GLWD00000418,2017,87.09298200721115,8.00029016769939,3.6545984007295615,1.2521294243598968
Aby,GLWD00000418,2018,88.17239286202113,7.303196873974767,3.505185681150021,1.0192245828540938
Aby,GLWD00000418,2019,89.62676095951643,6.159428566370435,2.914161887920496,1.2996485861926093
Aby,GLWD00000418,2020,91.7652944045923,4.903723776924384,2.2180980505688552,1.1128837679144667
Aby,GLWD00000418,2021,88.95410102171788,5.9120390456230645,3.376265382336768,1.7575945503222965
Acará,GLWD00001955,2017,70.80018717828733,15.114646700982687,8.072063640617689,6.013102480112307
Acará,GLWD00001955,2018,64.14928649835346,15.499451152579583,10.340285400658615,10.010976948408342
Acará,GLWD00001955,2019,65.42510121457491,11.417004048582996,11.842105263157894,11.31578947368421
Acará,GLWD00001955,2020,69.906766514749,15.071205297893728,9.946183397536782,5.075844789820488
Acará,GLWD00001955,2021,69.11548910906217,7.030214777578276,12.881111662917627,10.973184450441906
Achit,GLWD00000630,2017,98.84722918413284,0.9441990351759016,0.1860234800759789,0.0225483006152701
Achit,GLWD00000630,2018,98.2436783669825,1.652678400376829,0.0868362219421786,0.0168070106984861
Achit,GLWD00000630,2019,99.1744819297902,0.7691679596807226,0.0478975939497217,0.0084525165793626
Achit,GLWD00000630,2020,99.20827727918235,0.6170678681672003,0.1670083699996214,0.0076464826507981
Achit,GLWD00000630,2021,98.94836308593928,0.8804876638153772,0.163060711514389,0.0080885387309368
Adams,HYLA00000651,2017,18.746079206225616,31.5444861037416,40.70439637862471,9.005038311408088
Adams,HYLA00000651,2018,16.977746669560975,39.42642363285688,41.89651953874447,1.6993101588376716
Adams,HYLA00000651,2019,53.94461618026,34.17721259893288,11.14744826049898,0.7307229603081317
Adams,HYLA00000651,2020,35.8523213324411,45.09420401941831,18.05895977236761,0.9945148757729592
Adams,HYLA00000651,2021,42.95184775784894,42.499884063066936,13.726690620044565,0.8215775590395854
Adjuntas,GLWD00000770,2017,99.79663858870882,0.2033614112912018,0.0,0.0
Adjuntas,GLWD00000770,2018,99.82097442567016,0.1790255743298388,0.0,0.0
Adjuntas,GLWD00000770,2019,99.90577268730692,0.0942273126930648,0.0,0.0
Adjuntas,GLWD00000770,2020,99.87830327111897,0.1139159945081612,0.0077807343729049,0.0
Adjuntas,GLWD00000770,2021,99.89448959435748,0.0784714746836435,0.0228820023698272,0.0041569285890685
Afrera,GLWD00001584,2017,99.05135591536704,0.819509287771928,0.129134796861031,0.0
Afrera,GLWD00001584,2018,99.15569903153713,0.7102061087658307,0.1340948596970449,0.0
Afrera,GLWD00001584,2019,99.34942391736196,0.546285260230433,0.1042908224076281,0.0
Afrera,GLWD00001584,2020,98.9019147955211,0.9862851742523232,0.1118000302265653,0.0
Afrera,GLWD00001584,2021,98.93779788187352,0.9401880184642264,0.122014099662265,0.0
Agata,HYLA00001055,2017,30.82397435693493,24.730167188966487,39.92302705884224,4.522831395256352
Agata,HYLA00001055,2018,32.14258912486384,18.831819629028843,46.44386431324243,2.581726932864887
Agata,HYLA00001055,2019,84.66392291845368,13.967089684093226,1.228775815426573,0.1402115820265247
Agata,HYLA00001055,2020,73.7235956016783,23.17368208183719,2.7868477817674826,0.3158745347170157
Agata,HYLA00001055,2021,65.0943042818229,29.196732307132443,5.432151400605446,0.2768120104392066
Agata,HYLA00011659,2017,20.37463924011397,38.583226760404926,39.55650355077272,1.485630448708382
Agata,HYLA00011659,2018,31.35532762739078,23.61559992395423,42.19119111393879,2.837881334716212
Agata,HYLA00011659,2019,83.09595443797326,13.291101971716948,3.173148582627177,0.4397950076826115
Agata,HYLA00011659,2020,75.24874616121375,21.23376658382615,3.2498279397151077,0.2676593152449905
Agata,HYLA00011659,2021,75.27527968415913,20.29942421500245,4.154220688219231,0.2710754126192212
Agua Milpa,HYLA00009712,2017,98.9018531228552,1.0981468771448182,0.0,0.0
Agua Milpa,HYLA00009712,2018,97.7976600137646,2.13351686166552,0.0688231245698554,0.0
Agua Milpa,HYLA00009712,2019,98.202396804261,1.5312916111850865,0.2663115845539281,0.0
Agua Milpa,HYLA00009712,2020,96.62068349739953,2.489787718475859,0.6562646487644815,0.2332641353601643
Agua Milpa,HYLA00009712,2021,94.30465337474472,5.151483733698763,0.2999923367847853,0.2438705547717037
Agua-Vermelha,GLWD00000494,2017,92.83809175275448,5.0907577669093405,1.8255842067141133,0.2455662736220841
Agua-Vermelha,GLWD00000494,2018,91.0987442974104,6.5010443405816,2.0766867317649487,0.3235246302430556
Agua-Vermelha,GLWD00000494,2019,93.80228016661542,4.7665544509261,1.291335221973694,0.1398301604847807
Agua-Vermelha,GLWD00000494,2020,94.56682557123828,3.773389063525183,1.30538491710072,0.3544004481357936
Agua-Vermelha,GLWD00000494,2021,91.645734820521,5.361795200332115,2.412277665332589,0.5801923138142608
Aguilar,GLWD00011032,2017,78.54030501089323,16.55773420479303,4.248366013071895,0.6535947712418301
Aguilar,GLWD00011032,2018,87.06140350877193,10.526315789473683,2.4122807017543857,0.0
Aguilar,GLWD00011032,2019,90.69264069264068,7.467532467532467,1.7316017316017316,0.1082251082251082
Aguilar,GLWD00011032,2020,86.64822889600129,8.91146524517402,3.345191496321739,1.0951143625029274
Aguilar,GLWD00011032,2021,85.25492576687576,9.452451079584206,3.986330013265284,1.3062931402747489
Aiapua,GLWD00001137,2017,87.75580949340676,7.620362170236956,3.2880236735735684,1.3358046627827138
Aiapua,GLWD00001137,2018,84.74762956690435,9.651090594321364,4.353170058508676,1.2481097802655925
Aiapua,GLWD00001137,2019,87.13141247022838,6.2583991631780025,4.478290928887438,2.131897437706172
Aiapua,GLWD00001137,2020,86.12541104846122,8.278357606931712,4.304977570631213,1.2912537739758685
Aiapua,GLWD00001137,2021,83.57615697768273,8.866378788490252,5.589126629403929,1.9683376044231
Airag,GLWD00001294,2017,99.6254598181306,0.2295415901290952,0.144998591740296,0.0
Airag,GLWD00001294,2018,99.47629221914588,0.5119481522828002,0.0117596285713229,0.0
Airag,GLWD00001294,2019,99.69348029557504,0.2652169436188393,0.0413027608061096,0.0
Airag,GLWD00001294,2020,79.10878251196556,20.87394565626977,0.0172718317646822,0.0
Airag,GLWD00001294,2021,87.53329616064006,12.409301517289686,0.0574023220702473,0.0
Aishihik,HYLA00000369,2017,43.72690225007258,41.06117424673378,12.94916954934726,2.262753953846402
Aishihik,HYLA00000369,2018,49.91000599774556,38.90845481828167,9.41067420668966,1.770864977283122
Aishihik,HYLA00000369,2019,92.0754882681142,5.403520844148843,2.010767522235945,0.5102233655010189
Aishihik,HYLA00000369,2020,84.33380930158046,13.245439411563924,1.9764151929064464,0.4443360939491663
Aishihik,HYLA00000369,2021,64.58840604487978,30.60594946912895,4.071527952038535,0.7341165339527361
Akkajaure,HYLA00001052,2017,46.3900754394278,43.7513372967927,9.401134663227174,0.4574526005523606
Akkajaure,HYLA00001052,2018,68.80102545203654,22.72172746582602,7.407410868161977,1.0698362139754642
Akkajaure,HYLA00001052,2019,87.7361971197414,8.325678582410179,2.832537480609973,1.1055868172384569
Akkajaure,HYLA00001052,2020,88.48515312639792,10.524855466450209,0.8703832656204588,0.1196081415314328
Akkajaure,HYLA00001052,2021,91.27996241970308,7.242159458380209,1.290601460837478,0.1872766610792291
Aksayquin,GLWD00001096,2017,100.0,0.0,0.0,0.0
Aksayquin,GLWD00001096,2018,99.25379334506036,0.7462066549396363,0.0,0.0
Aksayquin,GLWD00001096,2019,98.56065927449704,1.439340725502985,0.0,0.0
Aksayquin,GLWD00001096,2020,98.87532157876728,1.1246784212327168,0.0,0.0
Aksayquin,GLWD00001096,2021,99.81567756665476,0.1792023657523296,0.0051200675929237,0.0
Akşehir,GLWD00000552,2017,72.97777529935414,12.101885601597909,8.7394850061003,6.180854092947644
Akşehir,GLWD00000552,2018,82.58254862823735,7.720699048385779,6.054233700371734,3.64251862300513
Akşehir,GLWD00000552,2019,85.7423274752755,7.812432789084402,4.403959930446955,2.0412798051931484
Akşehir,GLWD00000552,2020,89.42392698490717,6.10460548314876,3.3948417481368267,1.0766257838072326
Akşehir,GLWD00000552,2021,88.00093009075171,4.824790634145613,4.358829079876082,2.815450195226592
Al Fayyum,HYLA00015374,2017,99.47201689545936,0.5279831045406547,0.0,0.0
Al Fayyum,HYLA00015374,2018,99.97673877645964,0.0232612235403582,0.0,0.0
Al Fayyum,HYLA00015374,2019,99.98837749883776,0.0116225011622501,0.0,0.0
Al Fayyum,HYLA00015374,2020,99.29172990805436,0.6915618218537145,0.0167082700919456,0.0
Al Fayyum,HYLA00015374,2021,99.674445969798,0.3107115477188039,0.0148424824831963,0.0
Al-Massira,GLWD00001321,2017,87.56830950415336,8.119850912376318,3.809563817636759,0.5022757658335586
Al-Massira,GLWD00001321,2018,86.89620141221698,8.156562588217882,4.019949003783148,0.927286995781986
Al-Massira,GLWD00001321,2019,86.73356281506935,7.444548256161044,4.747452883636807,1.074436045132829
Al-Massira,GLWD00001321,2020,81.37191909024861,11.054389241490902,6.047518863792002,1.5261728044684917
Al-Massira,GLWD00001321,2021,77.03205127073282,13.883891024384663,7.2059887267010705,1.8780689781814512
Al-Wahda,CGL200000010,2017,95.84916784124242,3.970355040955921,0.1804771178016613,0.0
Al-Wahda,CGL200000010,2018,86.03273521199121,13.896353674047331,0.0709111139614598,0.0
Al-Wahda,CGL200000010,2019,98.97095176355792,1.0290482364420694,0.0,0.0
Al-Wahda,CGL200000010,2020,99.84002315428322,0.1339678345339013,0.0260090111828858,0.0
Al-Wahda,CGL200000010,2021,99.87909407412349,0.1124844533011181,0.0084214725753919,0.0
Alakol,GLWD00000058,2017,83.21911211116415,16.766509438549512,0.012712693584999,0.0016657567013355
Alakol,GLWD00000058,2018,65.44707190993591,30.45897841919348,4.09282938006918,0.0011202908014387
Alakol,GLWD00000058,2019,88.06478454936233,11.92385855531135,0.0096814874245376,0.0016754079017561
Alakol,GLWD00000058,2020,69.82261264933629,20.717139308609077,9.4586459810673,0.0016020609873453
Alakol,GLWD00000058,2021,65.06791651251454,26.9550540420412,7.974910292886064,0.0021191525581938
Alakol,GLWD00000879,2017,97.71863117870724,2.281368821292776,0.0,0.0
Alakol,GLWD00000879,2018,99.82300884955752,0.1769911504424778,0.0,0.0
Alakol,GLWD00000879,2019,100.0,0.0,0.0,0.0
Alakol,GLWD00000879,2020,99.84903524083596,0.1509647591640326,0.0,0.0
Alakol,GLWD00000879,2021,100.0,0.0,0.0,0.0
Alaotra,GLWD00000957,2017,98.88510142964714,1.0005834178983306,0.1143151524545384,0.0
Alaotra,GLWD00000957,2018,99.06678914282296,0.8099474725343629,0.1232633846426666,0.0
Alaotra,GLWD00000957,2019,99.39575090863087,0.5698281306688661,0.0344209607002618,0.0
Alaotra,GLWD00000957,2020,99.26909783794498,0.6070151827963368,0.1217967994627563,0.0020901797959175
Alaotra,GLWD00000957,2021,99.10395498894,0.7621073045789067,0.1312921567007726,0.0026455497803383
Albaniel,GLWD00000432,2017,40.8865512677485,32.359649261991514,24.342051629133845,2.4117478411261435
Albaniel,GLWD00000432,2018,36.70539574131899,33.340125121163574,27.624852093757568,2.329627043759873
Albaniel,GLWD00000432,2019,79.91456115924433,14.69379136505506,5.085419044916757,0.3062284307838491
Albaniel,GLWD00000432,2020,74.68395180902439,18.030108971099697,6.576656269247382,0.7092829506285376
Albaniel,GLWD00000432,2021,72.63414458821494,21.029673552754915,5.897904382762409,0.4382774762677407
Aleknagik,HYLA00004974,2017,34.45610276530209,44.16395642971453,20.425636260389247,0.9543045445941528
Aleknagik,HYLA00004974,2018,29.41938904901295,44.31420604149422,23.650472666564543,2.615932242928269
Aleknagik,HYLA00004974,2019,84.52992169121202,13.706293706293703,1.6323031806902772,0.1314814218040024
Aleknagik,HYLA00004974,2020,79.03313940279932,16.22366874425863,4.186331354517527,0.5568604984245201
Aleknagik,HYLA00004974,2021,78.03131387576248,17.86735036312343,3.5257413803346527,0.5755943807794267
Alicura,HYLA00010590,2017,91.93996664813788,7.003891050583658,0.7782101167315175,0.2779321845469705
Alicura,HYLA00010590,2018,91.22093023255816,5.01937984496124,3.352713178294574,0.4069767441860465
Alicura,HYLA00010590,2019,94.40429868445432,3.501945525291829,1.7787659811006116,0.3149898091532332
Alicura,HYLA00010590,2020,90.15599955676733,6.713351961339945,2.7747919170731388,0.3558565648196049
Alicura,HYLA00010590,2021,97.6380636219577,1.6608130491862532,0.5154080871675042,0.1857152416885185
Almanor,GLWD00001748,2017,80.12180267965896,15.668696711327648,3.347137637028015,0.8623629719853836
Almanor,GLWD00001748,2018,90.4258626049114,6.248057196145477,2.305460574033779,1.0206196249093358
Almanor,GLWD00001748,2019,90.0960501813192,7.086151132019994,2.0386160933058903,0.7791825933548957
Almanor,GLWD00001748,2020,88.57917773440364,7.339854126003432,3.0112377276529547,1.0697304119399482
Almanor,GLWD00001748,2021,87.7981907571505,8.800622408660484,2.6683454934292827,0.7328413407597336
Almendra,GLWD00001562,2017,91.71612265084076,7.789317507418398,0.4945598417408506,0.0
Almendra,GLWD00001562,2018,92.65326383718045,6.676594688508315,0.6453214197071233,0.0248200546041201
Almendra,GLWD00001562,2019,95.0544015825915,4.821958456973293,0.1236399604352126,0.0
Almendra,GLWD00001562,2020,98.1475058762996,1.8301040392590369,0.0223900844413498,0.0
Almendra,GLWD00001562,2021,96.58498071030782,3.162840562310149,0.2521787273820326,0.0
Alserio,GLWD00207245,2017,83.33333333333334,0.0,16.666666666666664,0.0
Alserio,GLWD00207245,2018,63.63636363636364,27.27272727272727,9.090909090909092,0.0
Alserio,GLWD00207245,2019,100.0,0.0,0.0,0.0
Alserio,GLWD00207245,2020,60.16279344107585,25.96437418898195,8.375604577090952,5.497227792851245
Alserio,GLWD00207245,2021,71.81786009201369,15.005308481774213,8.257638315441785,4.919193110770319
Altinkaya Baraji,HYLA00014466,2017,74.95890199011069,18.766909279232237,6.246790057397534,0.0273986732595395
Altinkaya Baraji,HYLA00014466,2018,86.68737382266683,11.004595090108136,2.195444204921371,0.11258688230366
Altinkaya Baraji,HYLA00014466,2019,92.12902077927367,7.2696911136906115,0.5739568294431815,0.0273312775925324
Altinkaya Baraji,HYLA00014466,2020,81.499352855525,16.090033975084935,2.392816696327454,0.0177964730626112
Altinkaya Baraji,HYLA00014466,2021,87.5545166792079,10.966057687146073,1.4331847535059723,0.0462408801400599
Amadeus,HYLA00001654,2017,97.27242066765784,2.6563432554596145,0.0712360768825835,0.0
Amadeus,HYLA00001654,2018,99.53697263276892,0.4555591838886391,0.0074681833424367,0.0
Amadeus,HYLA00001654,2019,99.95652677183682,0.0434732281631976,0.0,0.0
Amadeus,HYLA00001654,2020,99.9128551246878,0.0871448753122088,0.0,0.0
Amadeus,HYLA00001654,2021,99.53312954664842,0.4626677787364879,0.0042026746150871,0.0
Amadjuak,GLWD00000056,2017,42.597249557583424,23.077792216347063,27.55917025421516,6.765787971854363
Amadjuak,GLWD00000056,2018,34.44230855299666,16.92836612943027,31.01147841377869,17.617846903794387
Amadjuak,GLWD00000056,2019,77.57060934933723,13.899355960552436,6.360867643176945,2.16916704693339
Amadjuak,GLWD00000056,2020,58.6238791192854,19.272022304501068,17.012616971506514,5.091481604707018
Amadjuak,GLWD00000056,2021,47.69893326377273,17.328427105813887,28.931592373158026,6.041047257255365
Amana,HYLA00000896,2017,30.19113111021779,24.745524762183653,30.024067588585197,15.039276539013366
Amana,HYLA00000896,2018,32.781617137490294,17.304076058301735,24.491308202953988,25.422998601253987
Amana,HYLA00000896,2019,53.57698807911167,20.129892164774503,17.930477931554453,8.362641824559379
Amana,HYLA00000896,2020,53.78229480134839,19.950606361664317,19.04738576100136,7.219713075985946
Amana,HYLA00000896,2021,59.96781406258055,18.81133531367596,14.067050814474973,7.153799809268518
American-Falls,GLWD00001026,2017,75.85192994361441,13.187482348955298,6.053578485409431,4.907009222020887
American-Falls,GLWD00001026,2018,75.58826804305855,19.426004287003884,3.513621059725114,1.4721066102124412
American-Falls,GLWD00001026,2019,88.88516164183858,7.798107931909437,2.7831276215237217,0.5336028047282488
American-Falls,GLWD00001026,2020,88.3264603759377,9.083285174574073,2.382093713428664,0.2081607360595443
American-Falls,GLWD00001026,2021,95.8959754444231,3.417470937588053,0.6299813734033801,0.0565722445854613
Amisk,GLWD00000566,2017,97.486390032212,2.223699829224772,0.2727802238779619,0.0171299146852799
Amisk,GLWD00000566,2018,95.23609552647524,4.154212496007875,0.5878349438465735,0.0218570336702672
Amisk,GLWD00000566,2019,98.4449507962208,1.4027345227640702,0.1481190531717718,0.0041956278433468
Amisk,GLWD00000566,2020,98.02815275804328,1.593634157186535,0.340215116253548,0.0379979685166113
Amisk,GLWD00000566,2021,98.02268138898212,1.573653967047855,0.3712775375915572,0.0323871063784731
Amistad,HYLA00000848,2017,94.9669088460048,4.438993005519582,0.5514565249836019,0.0426416234920228
Amistad,HYLA00000848,2018,97.02128494396634,2.432344819081713,0.5225479901497345,0.0238222468022136
Amistad,HYLA00000848,2019,96.00835309750472,3.462707370430673,0.5185104297158254,0.0104291023487565
Amistad,HYLA00000848,2020,93.79632656133856,5.631289372994384,0.4979193884836874,0.0744646771834037
Amistad,HYLA00000848,2021,89.85522936572,9.13227238413966,0.9206878551233928,0.0918103950169229
Amungen,HYLA00012587,2017,31.89378290616425,23.906178818155148,36.027452399822764,8.172585875857823
Amungen,HYLA00012587,2018,29.470482353572287,33.163620565023486,32.88318552955218,4.482711551852068
Amungen,HYLA00012587,2019,66.14980737718605,21.37262375757357,11.212042013879868,1.2655268513604996
Amungen,HYLA00012587,2020,57.97063178665622,24.42326174125822,15.664626204191023,1.94148026789454
Amungen,HYLA00012587,2021,55.03892705856449,26.978940430472957,16.430791832411735,1.551340678550804
Amutui Quimey,HYLA00010614,2017,58.22547683923706,24.28474114441417,14.185967302452315,3.303814713896457
Amutui Quimey,HYLA00010614,2018,42.00456380551168,32.964718272775144,18.606284009127613,6.424433912585572
Amutui Quimey,HYLA00010614,2019,59.58115183246073,25.774121166791325,8.541510845175766,6.103216155572176
Amutui Quimey,HYLA00010614,2020,83.75690607734808,9.818468823993683,4.514601420678768,1.910023677979479
Amutui Quimey,HYLA00010614,2021,78.28863346104725,15.964240102171138,3.735632183908046,2.011494252873563
Andreevskoye,GLWD00002331,2017,99.17363045496752,0.7149489322191273,0.1021355617455896,0.0092850510677808
Andreevskoye,GLWD00002331,2018,99.52078239608802,0.4303178484107579,0.0293398533007335,0.0195599022004889
Andreevskoye,GLWD00002331,2019,99.71988795518207,0.2427637721755368,0.0280112044817927,0.0093370681605975
Andreevskoye,GLWD00002331,2020,99.58487870504668,0.3211046690922406,0.0731198738241356,0.0208967520369643
Andreevskoye,GLWD00002331,2021,99.26475229473616,0.5719408777907115,0.1464256722736566,0.0168811551994691
Ang-tzu,GLWD00000444,2017,98.69879048925426,1.2519050317553628,0.0493044789903653,0.0
Ang-tzu,GLWD00000444,2018,99.9367113845547,0.0632886154453011,0.0,0.0
Ang-tzu,GLWD00000444,2019,99.85942159713603,0.1405784028639571,0.0,0.0
Ang-tzu,GLWD00000444,2020,99.92867452557326,0.0692499299808977,0.0020755444458308,0.0
Ang-tzu,GLWD00000444,2021,99.81403064593856,0.1797399751378565,0.0062293789235926,0.0
Angajurjualuk,HYLA00000187,2017,93.34221421272504,6.03307693733359,0.2267768717577837,0.3979319781836077
Angajurjualuk,HYLA00000187,2018,92.08770889889414,7.045116965854489,0.4063379116505591,0.4608362236008164
Angajurjualuk,HYLA00000187,2019,98.53139128192926,0.6933327345034425,0.4283936920756244,0.3468822914916787
Angajurjualuk,HYLA00000187,2020,97.32809931718,2.052932859421242,0.5316840656257322,0.0872837577730044
Angajurjualuk,HYLA00000187,2021,97.27480274904325,1.9270679349307256,0.5559528744877766,0.242176441538236
Angikuni,GLWD00000324,2017,55.867793912790304,34.50577996714122,8.743926009678075,0.8825001103903823
Angikuni,GLWD00000324,2018,51.54817561909319,35.51856442158152,11.068558440004788,1.864701519320493
Angikuni,GLWD00000324,2019,84.90448486950193,10.352875068126057,3.9155131771829024,0.8271268851891023
Angikuni,GLWD00000324,2020,82.66272421273868,12.733900629601983,4.099401458434327,0.5039736992250058
Angikuni,GLWD00000324,2021,79.95140378769555,14.447875410048876,4.772582964592644,0.828137837662908
Angostura,GLWD00000234,2017,89.22083054091756,6.761503545901332,3.334163459481037,0.6835024537000414
Angostura,GLWD00000234,2018,88.54787114928459,7.086967654422331,3.618269865659236,0.7468913306338634
Angostura,GLWD00000234,2019,91.39937441783178,4.921141073108625,3.104606559602323,0.5748779494572671
Angostura,GLWD00000234,2020,90.81923721380674,5.435872157646198,3.134420073703427,0.6104705548436368
Angostura,GLWD00000234,2021,89.67304376407454,5.931373739342175,3.674615267103772,0.7209672294795032
Anibal-Pinto,GLWD00002228,2017,56.66529942575882,25.594749794913863,15.237899917965546,2.502050861361772
Anibal-Pinto,GLWD00002228,2018,59.72644376899696,26.335214937038646,11.897524967433782,2.0408163265306123
Anibal-Pinto,GLWD00002228,2019,77.83473446791061,15.8704121386098,5.085093295058438,1.2097600984211605
Anibal-Pinto,GLWD00002228,2020,84.85915492957747,10.604805302402651,3.7903893951946976,0.7456503728251865
Anibal-Pinto,GLWD00002228,2021,75.9729619008603,16.65301106104056,6.08357230643179,1.2904547316673496
Anolgytgyn,GLWD00002246,2017,86.02090014117071,9.583711085553658,3.038440734316897,1.356948038958726
Anolgytgyn,GLWD00002246,2018,84.77791536543504,7.304506764315878,5.028638744994908,2.8889391252542014
Anolgytgyn,GLWD00002246,2019,90.44391916499532,5.626572943300131,2.759380302891115,1.170127588813444
Anolgytgyn,GLWD00002246,2020,89.16695614111794,5.982772606424737,2.830649474380424,2.019621778076888
Anolgytgyn,GLWD00002246,2021,88.82332614585061,5.704235085973352,3.2707193011555264,2.201719467020512
Apopka,GLWD00001493,2017,99.9700829130695,0.0256432173690058,0.0042738695615009,0.0
Apopka,GLWD00001493,2018,99.97868621850888,0.0213137814911121,0.0,0.0
Apopka,GLWD00001493,2019,99.9953609203934,0.004639079606606,0.0,0.0
Apopka,GLWD00001493,2020,99.8133979636318,0.1046064897194316,0.0551851931753487,0.0268103534734311
Apopka,GLWD00001493,2021,99.8214669920689,0.139373373359521,0.0292420493750768,0.0099175851965049
Aqkol,GLWD00001969,2017,94.814699477722,4.986604311147427,0.1642481856224965,0.0344480255080739
Aqkol,GLWD00001969,2018,99.78023440751495,0.1499292747735447,0.0698363177114839,0.0
Aqkol,GLWD00001969,2019,99.88139596096136,0.0892577789034702,0.0293462601351824,0.0
Aqkol,GLWD00001969,2020,99.85399373864612,0.1133774230696124,0.0326288382842661,0.0
Aqkol,GLWD00001969,2021,99.6155097901198,0.1862346627986131,0.1483466164104658,0.0499089306711081
Aqqikkol,GLWD00000511,2017,79.61103283630982,17.627707158730427,2.7433458418015806,0.0179141631581836
Aqqikkol,GLWD00000511,2018,76.51399665075176,13.396772058847894,9.02680533144736,1.0624259589529836
Aqqikkol,GLWD00000511,2019,99.74897699839774,0.1229500416011109,0.1280729600011571,0.0
Aqqikkol,GLWD00000511,2020,98.26683649128717,1.4642394720385348,0.2689240366743096,0.0
Aqqikkol,GLWD00000511,2021,97.74712845520116,2.0717444727140344,0.1811270720848258,0.0
Arakhley,GLWD00003365,2017,91.86006151931156,7.180883532213857,0.9590549484745844,0.0
Arakhley,GLWD00003365,2018,83.78692914092534,15.04288641905132,1.1701844400233352,0.0
Arakhley,GLWD00003365,2019,95.00076289060746,4.831401175749053,0.1678359336434758,0.0
Arakhley,GLWD00003365,2020,95.02121610036136,4.5360131094881,0.4427707901505203,0.0
Arakhley,GLWD00003365,2021,96.17076836090942,3.6395220807046775,0.1897095583859064,0.0
Aralsor-Koli,GLWD00000870,2017,98.8341870368263,1.0274620706045374,0.1275368259834356,0.0108140665857288
Aralsor-Koli,GLWD00000870,2018,99.00760709316992,0.9014563302676094,0.0733633024421879,0.017573274120269
Aralsor-Koli,GLWD00000870,2019,98.84170844333894,0.8740395465989297,0.2201633605786153,0.064088649483501
Aralsor-Koli,GLWD00000870,2020,98.99918566517675,0.8546866100435926,0.1253253263969297,0.0208023983827169
Aralsor-Koli,GLWD00000870,2021,95.03521098158164,4.801128257404222,0.1449003097988737,0.0187604512152839
Arapa,GLWD00001273,2017,68.48474268426983,14.901395267641412,7.095102170436965,9.518759877651757
Arapa,GLWD00001273,2018,62.36190983366954,19.16374592277659,9.355641931752514,9.11870231180135
Arapa,GLWD00001273,2019,73.06121358122766,12.266677479941682,6.258950903430696,8.413158035399958
Arapa,GLWD00001273,2020,72.3231421465877,12.609650443891264,7.156595130199387,7.91061227932164
Arapa,GLWD00001273,2021,73.76649103910665,11.492398357353633,6.302269668858254,8.438840934681448
Araras,HYLA00010110,2017,97.44701957931008,1.8414833039613567,0.7114971167285586,0.0
Araras,HYLA00010110,2018,99.22528301122205,0.7747169887779646,0.0,0.0
Araras,HYLA00010110,2019,99.40527308011389,0.5205136317708691,0.0742132881152303,0.0
Araras,HYLA00010110,2020,99.73513735740896,0.2148131714225929,0.0500494711684553,0.0
Araras,HYLA00010110,2021,99.0157411960531,0.8659730070915466,0.1182857968553451,0.0
Arari,HYLA00009963,2017,83.1030696819883,7.884610301896468,5.922493976428601,3.0898260396866384
Arari,HYLA00009963,2018,69.46515377060724,11.08528879472751,10.567881636678464,8.881675797986786
Arari,HYLA00009963,2019,70.6656357191673,10.960330387037978,10.706641004634148,7.667392889160583
Arari,HYLA00009963,2020,66.34698134327627,10.804707210783535,12.040320636096848,10.807990809843348
Arari,HYLA00009963,2021,62.64837541021775,11.246664858106774,13.229880363344972,12.875079368330498
Araruama,HYLA00000951,2017,99.31810124457532,0.6349056864556432,0.0389524297918189,0.0080406391772103
Araruama,HYLA00000951,2018,99.71619009921147,0.234110568080409,0.0416544766942098,0.0080448560139031
Araruama,HYLA00000951,2019,99.77506608847632,0.1592910525526788,0.0598155555636807,0.0058273034073499
Araruama,HYLA00000951,2020,99.68917837374944,0.2392883622787204,0.0594288361163105,0.0121044278554903
Araruama,HYLA00000951,2021,99.8166174886172,0.156175155368593,0.022193311552379,0.0050140444618337
Aras-Dam,GLWD00001203,2017,82.07495566374774,17.878921292550647,0.0461230437015839,0.0
Aras-Dam,GLWD00001203,2018,84.4454480629429,15.5545519370571,0.0,0.0
Aras-Dam,GLWD00001203,2019,81.4316996571297,18.568300342870312,0.0,0.0
Aras-Dam,GLWD00001203,2020,76.38529508865282,23.58429301070048,0.0304119006466898,0.0
Aras-Dam,GLWD00001203,2021,83.75989327484642,16.225106758184598,0.0149999669689846,0.0
Arenal,HYLA00009850,2017,86.19078287848833,8.735151966576874,4.27668165704333,0.7973834978914531
Arenal,HYLA00009850,2018,86.48997762046329,9.280025878402318,3.8652562643998127,0.3647402367345681
Arenal,HYLA00009850,2019,84.45413222111716,9.21339009724029,4.770028866779093,1.5624488148634428
Arenal,HYLA00009850,2020,86.55372829541197,7.803878447910054,4.261203508699605,1.381189747978361
Arenal,HYLA00009850,2021,87.1478463156739,7.734584907815813,4.383255369560153,0.7343134069501254
Argazi,GLWD00001958,2017,84.11037691915618,13.170413612456656,2.5729007386329608,0.1463087297542087
Argazi,GLWD00001958,2018,80.70170290540719,15.77025987931865,3.232202614363428,0.2958346009107394
Argazi,GLWD00001958,2019,89.93639703868804,8.163729405237302,1.8069456052996915,0.092927950774975
Argazi,GLWD00001958,2020,92.45586831230804,5.899594789538646,1.4810104060541258,0.1635264920991894
Argazi,GLWD00001958,2021,79.07811794241758,17.869591406118467,2.871082501566278,0.1812081498976749
Argentino,GLWD00000117,2017,87.83177976271679,12.11865962855071,0.0444331374592311,0.0051274712732679
Argentino,GLWD00000117,2018,95.9100616808868,4.063892090595114,0.0187314794671476,0.007314749050948
Argentino,GLWD00000117,2019,98.9105344579529,1.0608115407932706,0.0220961966847802,0.0065578045690359
Argentino,GLWD00000117,2020,99.1482449981694,0.8394785835110534,0.0085160137962095,0.0037604045233458
Argentino,GLWD00000117,2021,98.75942835998583,1.2247259687539274,0.0119483649770983,0.0038973062831258
Argyle,GLWD00000098,2017,90.50834974238678,9.143792930723366,0.3274724594074668,0.0203848674823732
Argyle,GLWD00000098,2018,96.3515539444316,3.2175712822857685,0.4195881451868167,0.0112866280958077
Argyle,GLWD00000098,2019,90.86048997449232,7.314884203332113,1.7086193234135638,0.1160064987619978
Argyle,GLWD00000098,2020,88.31606720325624,9.027559003610106,2.4051853501060125,0.2511884430276175
Argyle,GLWD00000098,2021,90.62030644497536,8.219247000293224,1.1121793803891131,0.0482671743422878
Arhymot,HYLA00004217,2017,98.325399688958,1.2503390357698283,0.3290077760497666,0.0952534992223949
Arhymot,HYLA00004217,2018,98.57427865259729,0.9809234052441352,0.3507684235710484,0.0940295185875331
Arhymot,HYLA00004217,2019,98.2412273620226,1.1473883664242164,0.5096995540496969,0.1016847175034634
Arhymot,HYLA00004217,2020,99.16644614327916,0.3576161086320299,0.2672792552708362,0.2086584928179746
Arhymot,HYLA00004217,2021,99.03585115182038,0.5207611024032133,0.2759699605799957,0.1674177851963965
Arsenault,GLWD00002709,2017,89.7905430829048,9.118274175341778,1.078640411388436,0.0125423303649818
Arsenault,GLWD00002709,2018,76.93655362282568,20.22275059441872,2.7656113127268176,0.0750844700287823
Arsenault,GLWD00002709,2019,83.24324324324324,16.24078624078624,0.515970515970516,0.0
Arsenault,GLWD00002709,2020,95.25884875723752,3.509997186555039,0.9675886412479392,0.2635654149594885
Arsenault,GLWD00002709,2021,93.5549718454894,4.396934681161613,1.6725442594887137,0.3755492138602794
Artillery,GLWD00000334,2017,16.182618404560536,47.17386428816968,35.06144876712517,1.5820685401446215
Artillery,GLWD00000334,2018,35.95650254553625,39.83777267538599,21.525493238460182,2.680231540617562
Artillery,GLWD00000334,2019,92.35399568747138,4.801043828975836,2.374274786079688,0.4706856974730894
Artillery,GLWD00000334,2020,72.92793573717302,21.499981396880543,5.083995063444551,0.488087802501895
Artillery,GLWD00000334,2021,57.05769356664386,35.2554315231072,7.244930120878835,0.441944789370095
Aru,GLWD00001806,2017,66.45384615384616,21.453846153846158,8.2,3.8923076923076927
Aru,GLWD00001806,2018,74.92086520706937,13.0506462674756,8.150883671854393,3.877604853600633
Aru,GLWD00001806,2019,82.60702384004102,10.471673929761598,5.203793899000257,1.7175083311971289
Aru,GLWD00001806,2020,68.3703883221178,24.42395732008936,6.012967309499067,1.192687048293766
Aru,GLWD00001806,2021,84.3664218427991,11.24588852942022,3.4271269121217456,0.960562715658928
Ashley,GLWD00016489,2017,77.48618784530387,16.43646408839779,4.834254143646409,1.2430939226519335
Ashley,GLWD00016489,2018,73.32589285714286,18.638392857142858,4.464285714285714,3.571428571428571
Ashley,GLWD00016489,2019,92.28515625,5.46875,1.46484375,0.78125
Ashley,GLWD00016489,2020,92.25432129400473,4.5674787934986325,1.679541848149043,1.4986580643476102
Ashley,GLWD00016489,2021,90.41476369779662,9.07376122095437,0.5114750812490156,0.0
Ashuanipi,GLWD00000345,2017,78.00264788214724,16.331712594782147,4.665481135955179,1.0001583871154325
Ashuanipi,GLWD00000345,2018,69.88720632597867,21.019318634304305,7.96677342553362,1.1267016141834012
Ashuanipi,GLWD00000345,2019,85.42189127083165,10.685687715811602,2.9217758328884216,0.9706451804683098
Ashuanipi,GLWD00000345,2020,89.28946343053855,7.837803953561985,2.273378554912491,0.5993540609869942
Ashuanipi,GLWD00000345,2021,87.99810012993044,8.59726143407,2.733604886418304,0.6710335495812634
Assad,GLWD00000279,2017,64.2162945485354,30.116597951485456,5.280532525838343,0.3865749741408242
Assad,GLWD00000279,2018,56.41112454351786,28.672145080035797,14.579413769597814,0.3373166068485189
Assad,GLWD00000279,2019,88.93502737671118,9.466816255292466,1.2114915947272302,0.3866647732691095
Assad,GLWD00000279,2020,85.4141495474544,13.370741139355143,0.8507851607341742,0.3643241524563224
Assad,GLWD00000279,2021,85.26796492708908,13.782123753367154,0.8023697033577,0.147541616186081
Assal,GLWD00003373,2017,99.26149195702186,0.6425881372279073,0.0863279151752061,0.0095919905750229
Assal,GLWD00003373,2018,99.30544600693877,0.5787949942177245,0.0771726658956966,0.0385863329478483
Assal,GLWD00003373,2019,99.0724468097076,0.8127904229345516,0.1051992034113795,0.009563563946489
Assal,GLWD00003373,2020,99.2452450140758,0.63246099411919,0.1222939918050113,0.0
Assal,GLWD00003373,2021,98.77143140837828,0.9380617663229937,0.2716114699993627,0.0188953552993691
Assean,GLWD00002367,2017,60.08412243451444,32.565205767329665,7.334817237327232,0.015854560828665
Assean,GLWD00002367,2018,92.37228729467664,6.775198246009466,0.6325107278780316,0.220003731435837
Assean,GLWD00002367,2019,80.95288867387768,18.53310014518561,0.4057983007395077,0.108212880197202
Assean,GLWD00002367,2020,82.28333477072397,17.101278543672514,0.6065176795989008,0.0088690060046228
Assean,GLWD00002367,2021,78.80114477859594,18.93530462514484,2.1078773123587493,0.1556732839004521
Assinica,HYLA00000664,2017,25.37711301499024,23.85567889489949,40.09810074923023,10.66910734088005
Assinica,HYLA00000664,2018,27.85405043828069,26.903280950235285,39.81723207276343,5.425436538720601
Assinica,HYLA00000664,2019,59.40606232309761,24.08551986251393,15.049766535613006,1.4586512787754542
Assinica,HYLA00000664,2020,45.79476687965005,29.527802719041013,20.80260531304409,3.8748250882648434
Assinica,HYLA00000664,2021,50.107560408828576,31.062478407987125,17.593617733447672,1.2363434497366226
Ataturk Dam,HYLA00001348,2017,93.85974694979204,5.620422573868352,0.5082968933775186,0.0115335829621004
Ataturk Dam,HYLA00001348,2018,95.65228647981913,4.091820973456186,0.2481558537225925,0.0077366930020908
Ataturk Dam,HYLA00001348,2019,80.20080154236877,19.71120755437536,0.0879909032558772,0.0
Ataturk Dam,HYLA00001348,2020,86.15737164503244,11.902942515588382,1.9280288665253291,0.0116569728538558
Ataturk Dam,HYLA00001348,2021,87.7514350398643,9.658180167230054,2.581178842909426,0.0092059499962105
Athabasca,GLWD00000023,2017,97.7103709622082,2.198517477517504,0.0716587866305713,0.0194527736437548
Athabasca,GLWD00000023,2018,97.32313232386382,2.587084790663672,0.0779521727953003,0.0118307126772277
Athabasca,GLWD00000023,2019,98.99104293656076,0.9417730846792324,0.0517764263241786,0.0154075524358338
Athabasca,GLWD00000023,2020,97.39307928950667,2.4656907906617143,0.0922561137307092,0.0489738061008996
Athabasca,GLWD00000023,2021,99.25677710082844,0.557400139906886,0.1094247476329577,0.0763980116317281
Athapapuskow,GLWD00001053,2017,40.63152814573287,54.39831517110627,4.911115466874336,0.0590412162865203
Athapapuskow,GLWD00001053,2018,43.9181078802637,52.443978813204886,3.553473181051953,0.0844401254794722
Athapapuskow,GLWD00001053,2019,90.2664148410712,8.930697096095692,0.7509183207000253,0.0519697421330903
Athapapuskow,GLWD00001053,2020,77.21984907313491,22.39935025139209,0.3545403483270753,0.0262603271459346
Athapapuskow,GLWD00001053,2021,90.90593643826152,8.781926551329509,0.2834751772497869,0.0286618331591891
Atikonak,GLWD00000419,2017,65.78897727614165,21.50148178978231,10.190151613878776,2.519389320197268
Atikonak,GLWD00000419,2018,59.94648031743867,24.273781519040057,14.137026636571376,1.6427115269498822
Atikonak,GLWD00000419,2019,83.64324294916807,10.697237131349748,4.72419766981246,0.9353222496697512
Atikonak,GLWD00000419,2020,83.24215972129154,11.737541832881362,4.4387099794226135,0.581588466404485
Atikonak,GLWD00000419,2021,83.1930973770591,10.848632585093352,4.708809277150184,1.249460760697406
Atitla,GLWD00001479,2017,51.14265095020448,30.574933846523933,17.32018282415203,0.9622323791195572
Atitla,GLWD00001479,2018,41.49358226371062,24.34655775962661,29.299883313885644,4.85997666277713
Atitla,GLWD00001479,2019,71.66902222793267,15.141976101760246,12.35384813054092,0.835153539766157
Atitla,GLWD00001479,2020,72.71226892585025,6.1214192258330336,19.814560960230303,1.351750888086397
Atitla,GLWD00001479,2021,69.39238949521871,6.854603355502986,17.622173882559622,6.130833266718676
Atlin,GLWD00000311,2017,89.66453126168174,3.0651144158248345,2.7327902017606203,4.537564120732769
Atlin,GLWD00000311,2018,93.90862716774794,2.165233505745194,1.6069370763272004,2.3192022501796643
Atlin,GLWD00000311,2019,88.81309241586874,6.440753238728174,4.333017312645358,0.4131370327577311
Atlin,GLWD00000311,2020,96.77663158931408,2.308424957503556,0.6844212772941468,0.230522175888222
Atlin,GLWD00000311,2021,74.99189583841368,18.05443654221881,5.833068074539044,1.1205995448284571
Aubry,GLWD00000491,2017,67.37798726660722,31.568056335311915,0.9071527441216272,0.1468036539592467
Aubry,GLWD00000491,2018,62.17236020166933,35.03089125268307,2.6619846224428976,0.1347639232047294
Aubry,GLWD00000491,2019,96.48166588754232,3.153514959376569,0.2550741024733072,0.1097450506078114
Aubry,GLWD00000491,2020,94.97829630878034,4.236122491299496,0.6428781680826426,0.142703031837517
